cat_easy_30
103 33
142 73
204 40
186 106
189 201
189 288
107 289
103 219
122 172
124 107
109 135
160 154
#
54 276
45 229
36 172
36 171
36 170
36 169
49 72
50 72
166 18
166 18
167 17
168 17
258 40
277 133
277 219
275 282
#
cat_a_30
70 119
120 96
155 158
135 226
92 185
#
12 105
95 31
222 55
223 56
271 150
261 252
125 292
22 237
#
cat_yoy_30
81 106
115 67
145 21
162 96
192 136
206 188
187 253
187 253
114 250
91 198
87 152
138 113
148 208
148 209
141 160
#
86 285
36 230
27 124
27 124
57 30
232 21
267 109
273 223
230 291
#
cat_medium_30
129 89
179 107
144 140
160 183
204 246
124 243
73 199
#
101 50
29 118
24 263
24 264
123 290
249 281
285 161
281 43
280 43
188 21
#
cat_easy_100
327 65
371 122
371 123
443 176
444 176
448 178
562 186
634 168
681 112
713 70
697 178
698 274
687 351
687 353
694 430
562 528
507 415
466 291
466 290
466 289
466 288
466 287
465 285
397 210
397 209
396 209
396 208
396 207
395 207
394 206
393 204
391 203
390 201
334 139
383 257
382 257
381 257
380 257
379 257
378 258
377 258
377 259
351 318
350 320
348 324
320 408
351 453
351 454
367 527
337 616
337 618
337 621
340 689
340 690
340 694
340 700
356 826
356 829
356 832
349 896
447 888
511 902
513 902
517 902
596 903
597 903
602 903
609 902
662 900
663 900
665 899
697 880
698 880
699 880
701 879
701 878
702 877
703 876
703 874
703 872
703 869
704 866
704 861
717 784
717 783
718 783
718 782
718 781
719 779
719 778
719 776
720 773
720 770
721 767
722 763
723 757
711 711
711 710
711 708
711 707
711 706
711 705
711 704
711 702
711 701
710 699
710 696
710 693
710 689
696 628
696 627
695 626
695 625
694 624
694 622
693 621
692 620
692 618
691 617
690 616
689 613
687 611
686 608
671 571
671 569
671 568
671 567
671 566
671 564
671 563
671 562
671 560
671 559
671 558
671 556
671 554
671 552
671 550
692 505
693 505
694 505
694 504
694 503
694 501
694 500
693 499
692 497
690 495
635 437
635 436
635 435
634 435
633 434
632 433
596 379
556 339
556 338
444 347
444 348
442 421
443 421
444 421
445 421
445 422
447 428
449 432
451 437
469 498
469 499
469 503
470 509
470 513
470 516
470 520
455 581
455 583
454 587
454 592
454 594
442 617
442 619
440 624
438 629
436 635
434 640
432 646
409 726
409 727
409 728
409 729
410 731
411 734
412 737
414 739
415 742
417 745
444 776
445 776
447 778
450 779
456 781
462 783
468 783
576 807
577 807
578 807
579 807
580 807
581 808
584 808
589 808
595 808
603 808
610 807
619 805
680 802
681 801
682 800
682 799
682 798
682 797
682 796
682 794
681 792
679 788
678 784
676 779
674 773
660 691
660 690
660 689
659 688
658 686
657 685
655 683
654 682
653 681
650 679
648 678
575 632
575 631
573 631
572 631
570 631
569 631
522 669
522 671
522 675
522 680
522 685
522 688
541 727
542 727
543 727
543 728
544 729
545 730
546 731
548 733
550 735
551 736
564 741
566 741
567 741
568 741
569 741
570 741
570 742
572 736
519 240
519 239
519 238
519 237
520 237
609 255
610 255
611 255
654 290
#
370 15
269 24
216 151
216 153
191 280
191 281
190 281
190 282
189 284
189 287
188 292
187 299
185 305
160 425
159 427
159 430
158 434
158 438
157 443
130 600
130 601
130 602
130 605
130 610
130 615
130 619
141 748
141 749
141 750
141 752
141 753
141 756
141 759
141 764
141 769
141 774
142 932
142 933
142 934
143 935
163 984
164 985
165 985
858 973
864 891
864 890
863 889
863 888
862 886
862 885
855 768
856 768
857 768
857 767
857 766
874 673
874 672
874 671
874 670
874 669
874 668
874 667
874 665
874 664
874 663
853 571
453 20
536 8
537 8
538 9
678 20
790 36
791 36
792 38
792 39
794 40
853 122
854 122
854 123
854 124
863 205
864 207
864 284
864 285
864 286
864 287
864 289
865 290
865 291
871 366
871 367
871 368
872 370
873 373
875 378
876 384
896 465
896 466
896 468
896 472
896 475
892 505
#
cat_a_100
212 414
306 328
452 304
582 276
548 430
554 548
524 640
492 732
426 780
344 744
286 688
234 616
204 544
212 478
354 606
368 542
352 426
450 414
468 468
476 570
454 710
450 644
450 642
#
270 898
202 840
138 762
88 658
58 524
58 522
52 348
136 214
272 148
272 146
418 96
590 100
704 162
740 254
742 256
742 260
744 262
766 368
766 370
766 372
766 374
764 454
750 532
740 590
730 674
682 804
640 864
558 922
402 930
#
cat_yoy_100
257 321
357 241
471 122
471 33
542 137
543 139
571 197
572 198
573 199
574 200
575 201
584 235
584 236
584 237
584 238
584 239
584 241
585 242
586 244
586 246
587 249
589 252
590 256
592 260
594 265
596 268
610 296
611 297
611 298
611 299
612 301
612 302
612 303
612 304
612 306
612 307
613 308
614 311
614 312
615 314
616 316
616 317
616 319
613 380
613 381
613 382
613 383
613 385
613 386
613 387
613 389
613 391
616 414
616 415
616 416
616 417
616 419
617 420
617 422
618 423
619 424
621 427
622 429
626 431
651 461
652 462
652 463
653 464
653 466
654 467
655 469
656 470
658 471
659 473
660 474
679 530
679 531
679 533
679 534
679 536
679 537
679 538
679 540
679 543
679 545
679 547
672 629
672 630
671 630
671 631
671 632
670 633
669 635
668 637
667 638
666 640
664 642
663 643
662 645
653 694
653 695
652 695
652 696
652 697
652 699
651 700
651 701
651 702
650 704
649 705
648 707
646 708
511 737
511 736
534 612
534 610
535 607
537 603
539 597
549 513
550 513
550 512
550 511
550 510
550 509
550 508
549 505
549 504
539 472
539 471
539 469
539 468
539 467
539 466
539 464
539 461
539 457
539 453
539 448
540 442
545 370
545 369
545 368
545 367
545 366
545 365
544 365
544 363
489 324
488 324
487 323
485 323
484 323
482 323
481 323
480 323
477 323
475 323
470 324
420 342
419 343
419 344
417 347
416 349
393 385
392 385
391 387
388 390
384 395
378 400
372 406
366 411
331 441
330 441
328 440
326 436
321 430
299 386
282 442
282 443
283 445
284 446
286 449
288 453
289 455
291 459
305 509
305 510
305 511
306 512
306 513
306 514
306 515
306 516
306 517
306 518
306 520
306 521
306 523
306 524
306 527
330 603
331 604
331 605
332 607
332 608
332 609
332 610
333 611
334 612
334 614
335 615
336 619
338 623
339 626
340 629
355 694
355 695
355 697
355 698
355 699
355 700
355 701
355 702
355 703
355 704
355 705
354 707
318 782
318 784
318 785
318 786
331 829
331 830
332 831
333 831
333 832
334 833
336 835
338 836
340 839
345 841
350 843
354 845
396 873
397 874
398 876
400 877
401 879
403 880
404 882
406 883
407 884
409 885
414 887
419 889
425 891
431 893
437 893
511 885
513 885
517 885
523 884
529 882
534 880
580 859
580 858
460 825
459 825
454 823
382 778
382 777
382 775
382 773
382 769
384 764
386 758
417 719
418 718
419 717
420 716
421 714
423 712
441 670
442 669
443 669
444 668
444 667
444 666
444 665
444 664
444 660
444 656
444 650
444 645
439 591
439 590
439 589
439 588
439 586
439 585
439 584
438 581
438 578
438 575
437 570
436 505
436 504
436 502
452 441
446 397
457 225
481 242
481 243
500 177
#
194 99
133 186
144 266
144 268
144 271
144 274
120 397
120 398
120 399
120 401
120 402
120 403
121 405
122 408
123 412
123 417
124 423
126 428
126 435
125 536
125 537
125 539
125 540
125 541
124 543
124 544
124 545
123 547
122 549
121 552
120 558
118 563
117 569
116 576
114 582
134 669
134 670
135 672
135 673
136 674
136 676
136 677
137 678
138 681
139 683
141 687
143 692
145 696
147 702
148 706
162 782
162 784
163 785
163 786
164 788
164 789
164 790
165 792
166 795
167 798
169 801
171 806
173 809
212 867
213 868
214 869
214 870
214 871
215 871
215 872
217 874
218 875
220 877
221 879
223 881
224 883
274 931
275 932
276 932
276 933
277 934
277 935
279 935
280 936
281 937
284 938
286 940
289 940
293 942
371 978
373 979
374 980
376 982
377 983
379 984
380 984
382 986
383 987
386 987
387 988
391 988
395 988
402 988
409 988
648 976
650 976
651 976
652 975
653 975
655 974
656 972
658 971
662 969
665 966
669 962
674 958
678 953
681 949
707 923
708 923
709 923
710 923
711 923
712 921
714 921
715 919
717 917
722 914
728 909
734 903
740 895
777 838
777 837
778 836
779 835
779 833
779 832
780 829
782 826
783 821
784 816
785 810
786 804
788 799
813 734
814 733
815 731
816 730
817 728
819 726
820 723
822 718
824 713
826 706
828 699
830 690
832 682
834 674
838 604
840 604
841 604
843 604
843 602
844 601
845 599
845 598
845 596
845 594
845 591
845 587
845 583
845 579
836 522
836 521
836 520
836 519
836 517
834 515
832 512
832 508
832 505
830 499
829 496
827 490
825 484
823 477
821 471
792 397
791 396
791 395
790 393
789 392
789 390
788 387
786 385
785 383
783 379
782 376
780 372
778 367
776 362
773 356
771 349
770 343
751 285
751 284
750 283
750 282
749 280
749 279
748 277
748 276
747 275
747 274
747 273
746 272
745 270
744 269
744 268
743 267
742 266
741 264
741 263
739 262
709 220
708 219
708 217
707 216
706 215
706 213
705 212
704 211
704 208
703 207
702 206
701 204
699 202
699 201
698 199
696 196
695 194
693 190
669 145
668 144
666 142
666 141
665 140
664 138
662 138
662 136
661 135
660 134
659 133
658 132
656 130
656 129
654 126
620 74
620 73
620 71
619 71
619 70
619 69
618 68
617 66
616 65
615 64
614 62
612 61
611 59
609 58
607 57
588 37
587 35
586 35
585 34
584 32
582 31
581 30
579 29
578 28
577 26
574 25
572 23
571 22
568 21
553 8
552 8
551 8
385 32
336 62
336 63
#
cat_medium_100
408 238
440 277
462 299
462 300
463 301
464 302
466 304
468 305
493 325
495 326
497 326
499 326
502 326
505 326
508 326
511 326
514 326
526 319
528 319
531 319
534 319
571 309
572 309
573 309
574 307
578 306
580 304
582 302
606 263
607 263
608 263
609 263
609 262
610 261
612 260
613 259
615 257
616 256
617 255
619 253
620 251
613 317
613 318
613 319
613 321
614 323
614 377
615 379
615 380
615 381
616 383
617 387
618 390
618 393
618 397
618 400
612 447
612 448
611 448
610 449
610 450
610 451
609 452
608 453
608 455
608 456
608 457
607 459
606 460
606 462
589 521
588 522
586 524
585 525
583 527
498 549
497 549
454 496
453 495
453 493
452 492
451 490
420 369
420 368
432 437
434 307
480 390
481 390
481 391
483 393
485 394
524 443
525 444
525 445
525 446
527 448
527 449
528 494
528 495
528 496
612 584
628 666
628 668
627 668
627 670
627 672
627 675
627 677
628 680
656 787
656 788
656 789
656 790
656 791
656 793
657 794
659 796
660 799
662 802
724 852
725 852
585 852
585 851
585 850
570 775
570 774
568 773
567 772
513 804
512 805
511 806
511 807
509 808
478 780
478 779
477 776
475 772
475 769
479 730
479 729
479 728
479 724
479 721
480 718
481 712
466 613
464 612
463 610
429 612
427 614
426 617
426 618
426 620
425 622
424 623
424 625
424 626
423 627
422 629
422 630
421 631
420 634
419 638
418 642
423 699
423 700
423 701
423 702
423 704
423 705
423 707
423 709
423 713
423 719
422 723
398 799
436 855
382 849
381 849
380 849
379 849
378 848
355 832
355 831
355 829
353 828
352 826
351 825
349 823
295 783
294 783
293 781
290 780
249 764
248 764
247 763
247 762
246 762
245 761
244 759
243 758
241 756
240 755
238 754
236 752
233 749
228 745
188 712
188 711
188 710
188 709
188 708
188 707
187 706
187 704
185 702
184 698
183 694
163 621
163 620
164 620
164 619
164 618
165 618
165 617
165 616
167 615
167 613
170 612
171 610
196 588
197 588
198 588
198 587
199 586
201 585
204 583
207 581
211 579
215 577
219 575
251 552
252 552
253 552
254 551
255 551
257 550
260 548
264 546
270 544
276 542
316 538
317 538
318 538
321 539
327 541
331 543
337 545
358 560
358 561
359 562
359 564
360 565
361 567
362 570
364 574
356 641
356 642
356 643
356 644
356 645
356 647
355 651
353 654
352 657
350 663
324 722
324 723
323 723
323 724
322 725
322 726
321 727
320 728
318 730
318 731
317 733
260 640
260 641
261 641
262 641
263 642
264 643
288 670
289 670
293 670
483 635
558 670
558 672
559 674
560 728
422 524
#
478 159
405 161
297 207
297 208
263 298
178 395
178 396
177 397
176 401
175 404
174 409
172 412
135 487
134 488
133 489
132 490
131 493
129 495
127 499
124 505
122 511
87 623
87 625
87 626
87 627
87 628
87 629
87 630
87 632
87 633
87 634
87 636
87 638
87 641
87 643
100 737
100 738
100 739
101 742
136 801
137 802
137 803
138 804
139 805
141 806
142 808
144 809
147 811
149 814
197 856
197 857
199 859
201 860
203 862
207 865
212 867
217 870
282 904
284 905
285 907
286 908
288 909
290 911
292 913
296 915
299 916
301 918
303 919
305 921
306 922
308 922
386 960
388 960
392 960
397 961
403 961
519 963
520 963
521 963
525 963
531 963
536 964
615 952
616 952
620 952
627 951
635 950
645 950
713 942
714 942
715 942
717 942
718 942
719 942
721 942
725 940
729 938
735 936
741 934
746 932
772 926
773 926
774 925
775 923
777 922
778 919
780 917
782 915
784 911
786 906
800 880
801 878
802 876
802 875
802 873
802 868
802 862
802 857
802 850
802 842
801 834
801 826
796 799
797 799
797 798
799 797
799 796
799 793
800 789
801 784
801 778
802 773
803 767
804 762
804 756
804 753
803 715
803 714
804 713
804 711
804 708
804 707
804 703
804 698
804 691
803 683
802 676
802 668
802 660
802 653
801 633
801 632
801 631
800 630
800 628
800 626
798 625
797 623
797 621
784 598
784 597
784 596
784 595
784 594
784 593
784 592
784 590
784 564
785 564
786 563
786 561
786 560
786 558
786 556
786 554
782 533
782 532
782 531
782 529
783 528
783 526
783 524
783 520
782 515
782 510
781 506
780 502
775 480
775 479
775 478
775 477
775 476
775 475
775 473
773 471
772 470
771 468
769 466
765 452
765 451
765 450
765 449
765 448
765 446
765 445
764 443
763 441
763 439
762 437
763 419
764 418
764 416
764 415
765 414
766 412
766 411
766 410
766 407
766 404
767 401
767 396
767 392
766 386
765 381
763 362
763 360
763 359
763 357
763 356
762 355
762 353
762 352
761 351
759 348
759 347
757 346
757 343
755 330
755 328
755 327
755 326
755 325
755 323
755 322
755 321
755 319
755 317
754 314
753 310
752 305
743 280
742 280
742 278
741 277
741 276
740 275
739 274
738 272
737 271
735 269
734 266
732 264
731 263
729 261
728 258
726 256
725 255
718 243
718 242
718 241
717 240
717 238
716 237
715 235
715 234
713 233
713 231
712 230
710 228
709 225
706 222
705 218
703 214
702 212
696 199
695 197
695 196
694 195
693 192
693 191
692 190
691 188
689 187
688 185
686 183
685 181
683 179
682 178
680 177
679 175
622 140
621 140
620 140
620 139
619 139
618 139
617 138
615 137
614 137
613 137
611 136
610 135
609 135
607 134
606 133
598 132
597 132
595 132
594 132
593 132
592 132
590 132
588 133
586 134
583 134
581 135
578 136
575 137
574 138
562 146
561 147
560 147
559 147
559 148
559 149
558 149
557 150
556 151
554 152
552 154
551 154
550 155
548 156
#
cat_easy_none
964 401
970 569
975 574
1219 531
1474 552
1474 558
1506 569
1566 590
1598 601
1696 677
1696 682
1696 693
1701 704
1691 905
1691 910
1685 915
1685 921
1647 937
1620 1029
1620 1035
1620 1132
1620 1138
1615 1143
1517 1219
1517 1224
1512 1224
1506 1224
1490 1230
1479 1230
1463 1224
1452 1219
1447 1214
1409 1203
1403 1203
1398 1203
1392 1203
1387 1203
1371 1197
1360 1192
1344 1186
1327 1170
1262 1089
1262 1084
1257 1073
1252 1067
1246 1062
1241 1056
1230 1040
1224 1029
1214 1008
1176 975
1138 1002
1138 1008
1132 1008
1132 1013
1127 1013
1121 1024
1111 1040
1100 1046
1078 1132
1073 1132
1073 1138
1067 1138
1067 1143
1067 1149
1062 1149
1062 1154
1062 1165
1062 1170
1056 1176
1056 1186
1051 1279
1051 1289
1051 1300
1051 1306
1051 1311
1046 1322
1046 1327
1046 1333
1046 1344
1046 1349
1056 1355
1100 1425
1105 1425
1105 1430
1105 1436
1111 1441
1111 1447
1121 1452
1143 1468
1192 1490
1241 1506
1262 1512
1311 1544
1317 1555
1333 1566
1338 1577
1355 1588
1371 1598
1387 1604
1409 1609
1441 1620
1474 1631
1501 1636
1523 1647
1577 1680
1582 1685
1593 1696
1609 1707
1620 1712
1636 1718
1663 1723
1680 1728
1696 1734
1723 1756
1728 1761
1728 1772
1728 1777
1734 1783
1739 1788
1739 1794
1739 1799
1745 1799
1745 1804
1756 1810
1761 1815
1766 1826
1766 1831
1772 1837
1777 1842
1788 1913
1788 1918
1788 1929
1788 1940
1794 1945
1794 1951
1794 1962
1794 1967
1794 1972
1794 1978
1783 1989
1772 1999
1701 2070
1696 2075
1680 2086
1663 2092
1653 2097
1642 2097
1636 2097
1631 2097
1620 2097
1615 2092
1609 2086
1598 2081
1533 2070
1523 2070
1512 2065
1495 2059
1479 2054
1463 2054
1452 2048
1436 2043
1409 2032
1376 2021
1349 2010
1311 1999
1273 1989
1241 1983
1116 1945
1111 1945
1105 1945
1100 1945
1094 1945
1089 1945
1084 1945
1073 1940
1067 1929
1062 1924
1051 1913
1046 1907
1035 1897
1008 1897
997 1902
991 1907
986 1918
975 1924
959 1940
953 1951
948 1956
943 1962
943 1967
943 1972
937 1978
937 1983
932 1989
926 1994
926 1999
910 2048
910 2065
910 2070
905 2086
905 2102
905 2108
905 2113
905 2124
899 2130
899 2135
894 2140
894 2151
872 2211
872 2216
872 2227
867 2233
861 2238
861 2243
856 2254
850 2270
845 2287
845 2298
845 2314
845 2319
878 2395
883 2411
883 2422
888 2433
899 2444
910 2460
921 2466
926 2476
937 2482
943 2493
1002 2558
1002 2563
1008 2563
1008 2569
1013 2579
1018 2579
1024 2585
1024 2596
1035 2601
1040 2612
1051 2612
1062 2623
1084 2628
1143 2682
1149 2682
1149 2688
1154 2688
1159 2693
1176 2699
1219 2704
1252 2704
1279 2704
1311 2704
1338 2715
1360 2715
1859 2648
1859 2642
1853 2553
1853 2542
1848 2536
1842 2525
1837 2519
1831 2514
1831 2497
1831 2486
1826 2480
1826 2469
1821 2441
1821 2435
1821 2424
1821 2413
1821 2407
1815 2396
1815 2390
1815 2362
1815 2357
1810 2357
1804 2351
1799 2346
1788 2334
1772 2323
1745 2306
1707 2295
1560 2262
1555 2262
1550 2262
1539 2262
1533 2256
1528 2256
1523 2250
1512 2245
1506 2239
1501 2239
1490 2234
1479 2228
1457 2211
1441 2200
1392 2217
1387 2222
1376 2228
1371 2234
1365 2239
1365 2245
1360 2250
1360 2262
1355 2262
1349 2267
1349 2273
1349 2278
1349 2284
1349 2295
1371 2385
1371 2390
1376 2396
1382 2396
1382 2402
1392 2407
1398 2407
1403 2413
1436 2424
1479 2424
1517 2424
1544 2441
1566 2474
1566 2480
1571 2486
1571 2491
1577 2497
1577 2502
1582 2508
1582 2514
1588 2514
1593 2519
1604 2530
1620 2536
1626 2542
1636 2542
1642 2547
1674 2592
1680 2592
1691 2581
1696 2564
1712 2536
1723 2502
1734 2474
1777 2262
1788 2250
1794 2245
1804 2234
1810 2222
1826 2194
1837 2172
1842 2155
1848 2122
1853 2099
1864 2038
1864 2032
1864 2026
1864 2021
1864 2015
1869 1998
1869 1993
1869 1987
1875 1970
1875 1948
1875 1937
1875 1931
1875 1914
1875 1875
1880 1875
1886 1875
1886 1870
1886 1864
1886 1858
1886 1853
1886 1836
1880 1825
1875 1819
1864 1802
1859 1791
1848 1780
1842 1769
1815 1707
1815 1702
1810 1690
1810 1679
1810 1674
1810 1668
1810 1651
1810 1646
1810 1634
1810 1623
1815 1612
1815 1606
1826 1590
1826 1584
1831 1584
1831 1573
1831 1562
1837 1545
1842 1522
1848 1511
1848 1500
1853 1494
1859 1483
1859 1478
1859 1472
1859 1461
1864 1455
1869 1450
1875 1450
1875 1444
1875 1438
1875 1433
1880 1427
1880 1422
1880 1410
1880 1405
1886 1394
1886 1382
1886 1371
1886 1360
1886 1276
1886 1271
1886 1254
1875 1231
1869 1203
1869 1170
1864 1142
1864 1131
1864 1091
1864 1086
1864 1080
1864 1069
1864 1063
1864 1058
1864 1052
1864 1041
1864 1030
1864 1024
1864 985
1864 979
1864 974
1864 968
1864 963
1864 957
1864 951
1864 946
1864 935
1864 929
1864 923
1864 918
1864 845
1864 834
1864 828
1864 817
1864 811
1864 800
1864 795
1864 778
1864 767
1864 761
1864 755
1875 599
1875 593
1875 587
1875 582
1875 571
1875 559
1875 548
1875 543
1875 503
1875 492
1875 487
1875 481
1875 475
1875 464
1875 459
1875 453
1875 442
1875 419
1864 397
1864 391
1880 235
1842 263
1842 268
1837 268
1837 274
1831 279
1826 285
1815 296
1799 307
1788 324
1783 330
1739 391
1734 397
1728 403
1723 408
1723 414
1718 414
1718 419
1707 419
1701 425
1696 431
1685 431
1680 431
1631 464
1626 464
1620 470
1615 470
1609 470
1604 475
1598 481
1593 481
1588 481
1577 481
1571 481
1566 481
1555 481
1539 481
1479 475
1474 475
1468 475
1457 475
1441 475
1430 464
1414 459
1398 453
1382 442
1365 436
1067 419
1062 419
1051 414
986 380
986 375
981 375
981 369
981 363
975 363
975 358
970 358
970 352
959 341
959 330
948 324
943 313
932 307
932 302
921 291
915 274
910 274
905 268
899 263
894 257
888 251
883 246
878 240
872 235
861 207
867 218
872 229
915 307
915 313
915 319
915 324
915 330
921 335
921 341
921 347
926 352
926 363
926 369
926 375
926 380
932 436
932 442
932 447
932 459
932 464
932 470
932 481
932 487
932 492
937 503
937 515
937 520
937 526
937 531
937 543
943 548
943 554
953 610
959 615
959 627
959 632
959 638
964 649
970 660
970 666
970 677
970 683
970 688
970 699
970 705
970 711
964 767
964 772
964 778
959 789
959 795
953 806
953 811
953 817
948 823
943 828
943 834
937 845
926 851
926 862
921 867
905 901
899 912
894 935
888 951
883 968
883 974
878 979
878 985
878 991
878 996
878 1013
883 1019
894 1086
894 1091
894 1097
894 1108
894 1119
894 1136
899 1142
899 1147
905 1153
905 1159
905 1164
910 1170
915 1175
915 1187
921 1192
937 1243
937 1248
943 1248
943 1254
943 1259
948 1265
959 1265
964 1265
964 716
970 716
986 716
997 716
1024 711
1062 699
1073 688
1089 683
1100 671
1116 666
1121 660
1159 643
1165 643
1176 643
1181 643
1192 643
1197 643
1203 643
1208 638
1214 638
1279 694
1284 699
1289 705
1295 705
1295 711
1300 716
1306 722
1306 727
1322 744
1338 750
1349 767
1355 772
1371 851
1371 862
1371 884
1371 895
1371 901
1371 918
1371 929
1376 940
1382 946
1382 951
1382 957
1409 1041
1409 1052
1409 1058
1409 1075
1403 1080
1392 1097
1376 1114
1365 1119
1355 1131
1349 1153
1333 1175
1311 1198
1138 1483
1132 1494
1132 1500
1132 1511
1127 1511
1127 1517
1127 1522
1121 1528
1121 1534
1116 1539
1111 1545
1105 1550
1100 1556
1094 1562
1073 1623
1067 1629
1062 1634
1062 1646
1056 1651
1051 1662
1046 1674
1046 1685
1040 1696
1035 1707
1035 1713
1029 1774
1029 1780
1029 1786
1029 1791
1024 1797
1024 1802
1024 1808
1024 1814
1024 1819
#
460 2644
460 2639
455 2617
406 2558
406 2552
401 2541
395 2536
384 2520
373 2493
352 2444
346 2422
341 2390
336 2357
325 2281
325 2270
325 2265
325 2260
325 2254
325 2243
325 2238
325 2227
330 2222
330 2211
330 2195
330 2189
330 2173
330 2151
330 2135
330 2081
330 2075
330 2070
330 2059
330 2054
330 2043
330 2037
330 2027
336 2010
336 1994
336 1972
341 1945
341 1934
341 1918
341 1907
341 1875
341 1869
346 1864
346 1859
346 1853
346 1848
346 1837
346 1831
346 1826
346 1815
346 1799
346 1794
346 1788
346 1723
341 1718
341 1712
341 1701
336 1696
336 1691
330 1674
330 1663
330 1647
325 1631
325 1609
325 1598
325 1582
325 1566
325 1555
325 1544
325 1533
325 1528
319 1523
319 1512
319 1506
319 1501
314 1495
314 1490
314 1485
314 1474
314 1468
314 1463
314 1452
308 1447
303 1436
303 1425
303 1376
303 1371
303 1365
308 1360
314 1355
314 1349
314 1338
319 1333
319 1322
319 1306
325 1289
330 1257
336 1235
341 1203
352 1132
352 1121
352 1111
352 1105
352 1100
352 1089
352 1073
352 1062
352 1056
352 1051
352 1040
352 1035
352 1029
368 943
373 943
384 937
395 932
401 932
401 926
411 910
422 899
428 872
439 856
449 834
460 807
482 769
482 764
482 753
482 742
482 726
482 720
476 715
476 704
471 699
471 693
471 682
466 682
466 661
466 655
466 650
466 644
466 639
466 634
466 628
471 617
471 612
471 607
471 585
482 547
482 542
487 509
493 498
493 493
493 487
498 476
498 471
504 466
504 449
514 433
520 428
520 422
536 395
536 390
542 384
547 379
547 368
558 357
563 341
569 336
574 325
585 308
596 303
601 292
601 287
601 281
607 281
612 276
612 271
617 254
628 243
634 233
634 227
639 222
644 216
644 205
650 200
650 195
650 189
655 189
655 184
661 184
666 173
666 168
677 151
693 130
699 130
704 130
704 124
715 113
726 108
737 97
742 92
753 86
769 75
775 75
775 70
796 59
807 48
818 37
829 27
840 27
850 21
856 21
861 21
867 21
872 21
883 21
894 16
905 16
915 16
921 16
926 16
932 16
937 16
943 16
948 16
953 16
959 16
964 21
970 27
981 27
986 27
991 27
997 27
1002 27
1013 27
1018 27
1094 59
1100 59
1100 65
1105 65
1116 75
1121 81
1127 86
1138 86
1154 86
1192 86
1235 86
1273 97
1279 97
1279 102
1284 108
1289 108
1295 108
1300 108
1317 108
1333 108
1349 108
1365 108
1441 97
1447 102
1457 108
1463 113
1468 113
1485 113
1523 102
1539 92
1555 86
1582 75
1631 59
1636 59
1642 59
1663 54
1691 32
1728 16
1761 16
1766 16
1772 16
1783 16
1788 16
1810 10
1826 10
1989 43
1989 48
1994 54
1999 59
1999 65
2005 65
2010 65
2016 65
2021 65
2032 65
2037 65
2070 97
2081 113
2081 124
2086 135
2086 140
2092 151
2097 157
2102 157
2102 162
2124 216
2130 227
2135 243
2135 260
2140 265
2140 281
2140 298
2140 303
2140 308
2140 314
2140 325
2140 373
2140 379
2140 390
2140 395
2140 401
2140 406
2140 417
2146 422
2146 428
2151 439
2151 444
2173 525
2173 531
2173 536
2173 542
2173 552
2173 558
2173 563
2173 574
2173 585
2173 596
2173 601
2173 607
2173 617
2168 720
2162 726
2162 731
2157 747
2157 764
2157 775
2157 780
2157 785
2157 791
2157 802
2157 807
2168 813
2195 883
2195 888
2200 899
2205 915
2205 932
2205 937
2211 948
2211 953
2216 959
2216 964
2216 970
2216 975
2222 981
2222 986
2243 1056
2243 1073
2249 1100
2254 1116
2254 1127
2254 1138
2254 1143
2254 1149
2254 1159
2249 1165
2249 1176
2238 1197
2233 1219
2233 1230
2233 1246
2233 1262
2227 1512
2227 1523
2227 1533
2227 1544
2227 1555
2227 1566
2227 1571
2227 1582
2227 1593
2222 1598
2227 1718
2227 1739
2227 1761
2222 1794
2222 1804
2222 1815
2222 1831
2222 1848
2222 1859
2222 1869
2222 1875
2222 1880
2222 1956
2222 1967
2222 1972
2227 1978
2227 1989
2227 1994
2227 1999
2227 2005
2227 2010
2227 2016
2227 2021
2227 2032
2227 2037
2227 2043
2227 2048
2249 2135
2249 2151
2254 2168
2254 2178
2254 2184
2254 2195
2254 2205
2254 2211
2254 2216
2249 2227
2249 2233
2249 2238
2249 2249
2249 2254
2249 2260
2249 2265
2249 2270
2249 2276
2260 2357
2260 2363
2260 2368
2260 2379
2260 2384
2260 2390
2260 2395
2260 2406
2260 2411
2260 2417
2260 2422
2260 2428
2254 2439
2233 2520
2233 2525
2233 2541
2233 2552
2227 2563
2227 2569
2222 2574
2216 2585
2216 2590
2216 2596
2216 2601
2211 2601
2211 2607
2205 2634
#
cat_a_none
360 750
423 695
529 618
644 552
644 548
736 529
831 511
835 511
927 529
931 529
934 529
1034 540
1133 456
1041 640
1030 754
1030 758
1030 761
1034 765
1067 883
1067 886
1067 890
1067 894
1067 897
1067 905
1067 908
1067 912
1067 916
1067 920
1026 1034
1026 1037
967 1140
967 1148
967 1151
967 1155
964 1162
964 1166
927 1269
927 1273
923 1276
923 1280
920 1280
920 1284
916 1291
916 1295
908 1299
905 1306
901 1310
850 1405
846 1405
842 1409
839 1409
839 1416
835 1424
743 1435
736 1435
732 1435
603 1357
599 1354
485 1284
485 1280
482 1276
474 1273
471 1265
371 1155
371 1151
371 1148
371 1140
371 1129
412 1019
415 1012
415 1008
375 879
375 875
375 872
375 868
323 1107
555 1081
640 1107
717 1218
717 1221
721 1225
721 1229
724 1232
728 1236
728 1243
765 1328
769 1328
772 1328
776 1328
783 1328
787 1324
828 1280
828 1276
828 1273
802 1115
805 1115
809 1107
816 1104
828 1092
883 1052
886 1052
890 1052
894 1052
897 1052
908 1045
908 1041
912 1041
916 1041
920 1034
920 1030
920 1019
920 1008
923 1000
942 890
942 886
879 732
765 647
761 647
758 647
754 647
750 647
747 647
743 647
736 655
732 655
724 658
717 658
710 662
629 710
625 710
621 717
618 717
618 721
610 721
610 724
607 728
603 728
599 736
588 739
581 747
566 754
522 798
522 805
529 809
529 813
533 820
596 897
599 897
599 901
603 901
607 901
610 905
618 905
621 905
625 905
710 861
710 857
713 857
761 993
#
467 1457
397 1387
397 1383
294 1295
294 1291
294 1288
290 1284
287 1280
279 1276
217 1196
217 1192
217 1188
217 1184
217 1181
217 1177
217 1170
187 1059
187 1056
187 1052
187 1048
165 938
169 938
172 931
202 820
206 820
209 816
213 816
213 813
217 813
217 809
220 805
220 802
224 798
224 794
228 791
261 680
264 680
264 677
268 677
268 673
272 673
272 669
279 666
283 658
349 577
349 574
353 574
356 574
360 574
364 570
368 566
441 478
445 478
448 478
452 478
456 478
456 474
463 474
471 467
482 463
647 393
651 393
717 379
721 379
724 379
809 379
813 379
824 379
839 379
857 379
938 371
942 371
945 371
953 371
960 371
1052 368
1133 368
1133 371
1137 371
1140 379
1177 437
1177 441
1196 515
1199 522
1199 526
1199 533
1203 540
1203 544
1207 548
1214 610
1214 614
1214 618
1214 621
1214 629
1214 632
1214 636
1214 644
1214 647
1214 651
1214 655
1214 658
1214 721
1214 724
1214 728
1214 732
1214 736
1214 739
1214 747
1214 750
1214 754
1214 761
1218 765
1218 772
1218 776
1221 783
1221 787
1225 794
1251 864
1251 868
1251 872
1254 875
1254 879
1254 886
1254 890
1258 894
1262 901
1265 912
1269 920
1273 927
1273 938
1276 1023
1276 1026
1276 1030
1273 1034
1273 1037
1273 1041
1273 1048
1273 1052
1269 1056
1269 1063
1262 1067
1262 1070
1236 1126
1236 1129
1232 1133
1229 1137
1229 1144
1229 1148
1225 1151
1225 1155
1225 1159
1221 1162
1218 1170
1218 1173
1192 1243
1192 1247
1188 1251
1188 1254
1184 1262
1181 1262
1181 1265
1177 1269
1177 1273
1177 1276
1170 1280
1170 1284
1162 1288
1107 1354
1107 1357
1104 1365
1100 1368
1096 1368
1092 1376
1089 1380
1081 1387
1078 1391
1074 1394
1070 1402
1070 1405
1063 1413
1008 1516
1008 1519
1004 1519
1000 1523
997 1527
993 1530
989 1530
986 1534
982 1538
975 1545
971 1549
964 1552
960 1552
956 1560
949 1564
713 1611
710 1611
706 1611
699 1611
695 1611
691 1611
688 1611
680 1615
677 1615
673 1615
666 1615
662 1615
658 1611
651 1608
629 1597
625 1597
621 1597
618 1597
614 1597
610 1593
603 1586
599 1582
592 1578
570 1571
555 1564
540 1556
824 1597
828 1597
828 1600
828 1604
831 1604
#
cat_yoy_none
434 618
618 507
702 401
824 331
828 331
831 331
820 147
820 143
824 143
828 136
831 132
857 44
905 106
908 114
912 117
920 128
923 136
931 147
986 220
986 224
986 228
986 231
986 239
989 242
989 246
989 250
993 253
993 257
1030 338
1030 342
1030 349
1030 353
1034 356
1034 364
1048 426
1048 430
1048 434
1052 437
1052 441
1052 445
1056 445
1056 448
1056 452
1063 460
1063 463
1100 526
1100 529
1104 529
1104 533
1107 533
1107 537
1107 540
1107 544
1111 548
1111 552
1111 559
1111 563
1115 566
1118 574
1137 621
1140 625
1140 629
1144 629
1144 632
1144 636
1144 640
1148 640
1162 677
1162 680
1166 684
1170 688
1170 691
1177 699
1177 702
1181 706
1188 713
1192 721
1221 761
1221 765
1225 765
1225 769
1229 772
1229 776
1229 783
1229 787
1229 794
1232 798
1232 802
1236 809
1240 820
1243 824
1276 942
1276 945
1276 949
1276 953
1276 956
1276 960
1276 967
1276 971
1276 978
1276 982
1276 986
1276 1019
1276 1023
1276 1026
1276 1030
1276 1034
1273 1041
1269 1045
1269 1048
1269 1052
1269 1056
1265 1063
1258 1096
1258 1100
1258 1104
1258 1107
1258 1111
1254 1115
1254 1118
1251 1122
1247 1129
1243 1133
1236 1140
1232 1144
1214 1181
1210 1181
1210 1184
1210 1188
1207 1188
1207 1192
1203 1192
1203 1196
1196 1199
1196 1203
1192 1207
1188 1210
1162 1251
1159 1254
1155 1254
1151 1258
1148 1262
1144 1265
1144 1269
1140 1269
1140 1276
1133 1280
1129 1288
1122 1288
1122 1295
1104 1321
1100 1321
1100 1328
1096 1328
1092 1332
1089 1335
1089 1339
1085 1343
1085 1346
1081 1350
1078 1350
1074 1354
1070 1357
1067 1361
1030 1391
1026 1394
1023 1394
1019 1394
1019 1398
1015 1402
1012 1402
1004 1405
1000 1405
997 1409
989 1416
989 1420
982 1424
971 1468
971 1472
971 1475
971 1479
971 1483
971 1486
971 1490
971 1497
971 1501
971 1505
971 1508
971 1512
1023 1567
1030 1567
1034 1567
1041 1567
1052 1567
1056 1567
1063 1567
1070 1560
1074 1556
1081 1552
1085 1549
1092 1545
1096 1541
1100 1534
1122 1512
1122 1508
1126 1508
1126 1505
1129 1501
1133 1497
1137 1497
1140 1497
1144 1497
1144 1494
1151 1494
1155 1494
1159 1494
1159 1497
1166 1497
1166 1501
1170 1505
1170 1508
1173 1512
1177 1516
1177 1523
1203 1578
1203 1582
1203 1586
1203 1593
1203 1600
1203 1604
1203 1608
1203 1615
1203 1619
1199 1622
1192 1656
1192 1659
1188 1659
1188 1663
1184 1667
1181 1667
1181 1670
1181 1674
1177 1674
1173 1674
1170 1678
1140 1685
1137 1689
1133 1689
1129 1689
1126 1689
1122 1692
1118 1692
1111 1692
1107 1692
1104 1692
1100 1692
1096 1692
1015 1689
1008 1689
1004 1685
1000 1685
993 1685
989 1681
901 1656
897 1656
894 1656
886 1652
783 1622
780 1622
772 1622
769 1622
765 1622
761 1622
758 1622
728 1622
721 1622
717 1619
713 1615
706 1611
699 1608
695 1604
688 1597
684 1593
655 1567
651 1564
647 1560
647 1556
644 1552
640 1549
632 1545
629 1538
621 1530
618 1527
614 1516
607 1508
603 1501
577 1460
577 1457
577 1453
574 1449
574 1446
566 1442
566 1438
566 1431
563 1427
559 1424
555 1413
552 1409
548 1402
540 1394
533 1354
533 1350
533 1346
533 1343
533 1339
533 1335
529 1332
529 1324
529 1321
526 1317
526 1310
522 1306
522 1299
518 1291
518 1284
511 1240
511 1236
507 1236
507 1232
504 1225
504 1221
504 1218
504 1214
504 1207
500 1203
496 1199
496 1192
496 1184
493 1181
493 1173
485 1133
485 1129
485 1126
485 1122
482 1115
482 1111
478 1104
474 1096
471 1092
471 1089
467 1085
463 1081
460 1074
456 1070
452 1045
452 1041
452 1037
452 1034
452 1030
452 1026
452 1023
448 1015
448 1012
448 1004
448 1000
448 997
448 993
448 967
448 964
448 960
448 956
448 949
448 945
448 942
448 934
448 931
448 927
448 920
448 912
448 905
448 901
463 875
463 872
467 864
471 864
471 861
471 857
474 853
478 846
478 842
482 839
485 831
485 828
485 824
489 816
493 813
493 798
496 794
496 791
496 787
496 783
496 776
496 772
496 765
496 761
496 758
496 750
496 721
496 717
496 713
496 710
496 706
496 702
496 699
496 695
493 691
493 684
489 680
485 677
478 669
474 666
467 658
452 632
452 629
452 625
452 621
452 618
452 610
452 607
456 603
456 596
478 577
482 577
485 577
489 574
496 570
500 570
504 566
507 566
511 566
515 563
518 559
522 559
526 559
610 621
610 625
614 625
614 629
614 636
614 640
618 644
621 651
621 655
621 658
621 662
621 669
621 673
621 677
621 680
621 684
603 717
603 724
599 728
596 736
596 739
592 747
592 750
592 754
592 758
592 761
592 765
592 772
592 776
592 780
592 787
592 791
592 798
592 802
592 805
592 846
592 853
592 857
592 861
592 868
592 872
588 875
588 879
585 886
581 894
577 897
574 908
570 912
566 920
563 931
559 938
555 1008
555 1012
555 1019
555 1023
555 1026
555 1034
555 1037
555 1041
559 1048
559 1056
563 1063
563 1067
566 1074
570 1085
570 1092
596 1159
596 1162
596 1170
599 1170
599 1173
603 1181
603 1184
607 1192
607 1196
614 1199
614 1207
621 1210
621 1214
658 1269
662 1273
666 1276
666 1284
669 1288
673 1295
673 1299
677 1302
684 1310
684 1313
691 1317
695 1324
702 1328
706 1335
710 1339
713 1346
743 1391
747 1394
750 1402
754 1405
758 1405
761 1409
765 1413
772 1413
776 1416
783 1420
787 1420
791 1420
794 1420
802 1420
809 1420
813 1420
816 1416
824 1409
828 1398
835 1394
839 1387
846 1376
861 1350
861 1346
864 1343
868 1335
868 1332
875 1324
875 1321
883 1317
886 1310
894 1306
897 1299
905 1291
908 1288
927 1269
931 1265
931 1262
934 1262
934 1258
938 1254
938 1251
942 1247
945 1243
953 1236
953 1232
960 1229
964 1221
971 1218
975 1210
993 1196
997 1196
997 1192
1000 1188
1004 1184
1012 1181
1015 1173
1023 1170
1026 1162
1030 1159
1037 1155
1041 1148
1048 1144
1052 1137
1078 1107
1081 1100
1085 1092
1089 1092
1092 1089
1092 1085
1096 1078
1100 1078
1100 1074
1107 1067
1107 1063
1115 1056
1118 1048
1126 1045
1129 1037
1137 1034
1137 1026
1140 1019
1140 1015
1144 1015
1144 1012
1144 1008
1144 1004
1144 1000
1144 997
1144 989
1144 986
1148 982
1151 975
1155 964
1159 953
1170 901
1170 897
1170 894
1170 890
1170 886
1170 879
1170 875
1170 872
1170 868
1170 861
1170 853
1166 846
1162 839
1162 835
1162 831
1159 809
1159 805
1155 805
1155 802
1155 794
1151 794
1151 791
1148 783
1144 780
1144 776
1137 769
1133 761
1126 754
1122 747
1115 743
1111 736
1107 732
1104 728
1100 724
1096 724
1096 721
1096 717
1092 717
1092 713
1089 710
1085 710
1081 706
1081 702
1078 699
1074 695
1067 688
1067 684
1059 680
1048 651
1048 647
1045 644
1041 640
1037 636
1030 629
1030 625
1023 618
1019 614
1012 610
1008 603
1004 599
997 592
993 588
986 581
982 577
927 540
920 537
916 533
912 529
905 526
901 522
894 518
890 515
883 511
875 507
872 507
872 504
864 500
864 496
861 496
857 496
853 496
846 500
846 504
842 507
835 511
831 515
828 518
824 522
820 526
816 529
813 533
813 537
805 540
805 548
802 548
798 552
798 559
765 607
761 610
754 618
754 621
750 629
747 632
747 636
747 644
743 647
739 651
739 658
739 662
739 669
739 677
739 680
739 736
736 739
732 743
732 754
728 758
724 761
724 769
721 772
717 776
713 787
713 794
713 805
713 813
713 820
713 824
713 831
713 894
713 897
710 905
710 908
710 912
710 920
710 927
710 931
710 934
710 945
710 949
713 960
713 964
713 971
743 1019
743 1026
743 1030
743 1037
743 1041
743 1045
743 1048
743 1056
743 1059
743 1063
743 1070
743 1074
743 1078
747 1085
750 1089
754 1092
783 1144
787 1148
787 1151
787 1155
787 1159
791 1162
791 1166
794 1166
794 1170
802 1170
805 1170
809 1166
816 1162
820 1159
828 1151
831 1148
864 1140
868 1140
872 1140
875 1140
883 1140
886 1137
894 1129
897 1126
901 1118
912 1107
916 1100
923 1092
927 1089
938 1074
942 1070
945 1070
945 1067
949 1067
949 1063
953 1056
956 1052
956 1048
960 1041
964 1037
967 1030
975 1019
975 1004
982 997
986 989
986 982
1004 953
1004 945
1008 945
1012 942
1012 934
1015 931
1019 923
1023 920
1026 912
1030 905
1034 897
1037 886
1037 879
1041 872
1045 857
1045 853
1045 850
1045 846
1045 842
1045 839
1045 831
1045 828
1045 824
1045 816
1037 809
1034 802
1030 794
1023 780
1023 769
1015 754
1015 743
1012 695
1012 691
1012 688
1012 684
1012 680
1008 680
1008 677
1004 669
1000 666
1000 662
989 662
982 662
978 669
975 673
967 677
964 684
956 688
953 691
949 695
942 695
938 699
931 702
927 702
923 706
916 710
912 710
908 713
905 717
861 761
857 769
850 772
846 776
842 780
835 787
835 791
828 794
824 802
820 805
816 813
813 820
809 824
805 831
805 835
805 839
813 883
813 886
813 890
813 897
813 901
813 905
813 912
813 916
813 920
813 923
813 931
813 934
816 938
820 945
820 953
824 953
824 956
828 975
828 978
828 982
828 986
831 986
897 916
662 360
651 456
651 460
655 460
780 404
772 537
1196 1089
1133 1192
1129 1196
1126 1199
1122 1199
1115 1203
1111 1203
1107 1207
1100 1210
1096 1214
1089 1218
1081 1221
1074 1225
1070 1229
1063 1236
1041 1269
1041 1273
1041 1276
1041 1284
1034 1288
1030 1291
1030 1299
1023 1302
#
750 1788
747 1792
739 1792
736 1792
702 1784
699 1784
695 1784
691 1784
684 1781
677 1781
666 1781
651 1773
636 1766
603 1744
599 1744
596 1740
592 1736
588 1733
585 1733
581 1729
574 1725
570 1718
566 1714
559 1707
555 1703
548 1700
540 1692
533 1689
496 1652
493 1648
489 1644
485 1641
482 1633
474 1630
471 1626
463 1619
463 1615
456 1608
452 1600
445 1597
441 1586
434 1582
430 1571
408 1508
408 1505
408 1497
408 1494
404 1490
401 1483
397 1479
397 1475
397 1468
390 1464
390 1460
390 1453
390 1449
390 1446
386 1438
386 1435
382 1431
382 1424
382 1420
382 1416
379 1409
379 1405
375 1402
375 1394
375 1376
375 1372
375 1368
375 1365
371 1361
371 1357
368 1350
360 1324
360 1321
360 1317
356 1317
356 1310
353 1306
349 1302
349 1295
342 1273
342 1269
342 1265
342 1262
342 1258
342 1254
338 1251
334 1247
334 1240
327 1236
323 1232
323 1225
320 1218
316 1210
301 1173
301 1170
298 1166
298 1162
294 1159
294 1155
287 1148
287 1144
279 1137
279 1133
272 1129
268 1122
264 1118
261 1111
253 1089
250 1089
250 1085
250 1081
246 1078
246 1074
242 1070
239 1063
239 1059
239 1056
235 1048
235 1045
235 1041
235 1037
235 1034
231 1030
231 1026
228 1019
228 1015
228 1012
228 1004
224 964
224 960
224 956
224 949
224 945
224 942
224 934
224 923
224 912
228 901
228 894
228 890
231 820
235 816
239 813
242 813
246 809
246 805
246 802
250 794
253 787
257 783
264 776
264 765
279 732
279 728
279 724
283 721
283 717
287 710
287 706
287 702
287 699
287 691
287 688
283 680
283 673
261 596
261 592
261 588
261 585
261 581
261 577
261 574
261 570
261 566
261 563
261 555
261 552
261 548
261 540
261 533
264 515
268 511
272 507
272 504
272 500
276 493
279 489
279 485
283 482
287 478
290 471
294 467
312 445
312 441
316 437
316 434
320 430
323 426
323 423
327 419
327 412
331 408
331 404
338 393
338 390
345 382
349 375
356 364
360 364
360 360
364 360
364 356
368 356
368 353
371 353
375 349
379 345
382 338
390 334
397 327
401 320
408 316
412 305
415 298
423 283
426 283
430 283
430 279
434 279
434 272
437 268
441 264
445 257
448 253
452 246
460 242
463 239
581 143
585 143
588 143
592 143
596 143
599 139
603 139
607 136
614 128
618 125
621 121
632 114
636 110
644 99
651 95
655 88
662 84
677 77
680 77
680 73
684 73
688 69
691 66
695 62
699 55
721 40
724 40
728 40
228 666
228 669
228 673
989 25
1070 99
1078 106
1081 110
1081 117
1089 117
1089 121
1089 125
1089 128
1092 132
1092 139
1096 143
1096 147
1096 154
1100 158
1104 161
1126 224
1129 228
1129 231
1133 239
1137 242
1137 246
1140 253
1144 257
1144 264
1148 272
1151 276
1151 279
1159 287
1199 345
1203 349
1203 353
1207 356
1207 360
1210 368
1210 371
1210 379
1210 382
1214 386
1218 397
1218 401
1221 408
1225 412
1225 415
1254 456
1254 460
1254 463
1258 463
1258 467
1258 471
1262 474
1262 478
1265 485
1265 489
1265 493
1265 496
1269 504
1269 507
1269 511
1295 566
1295 574
1299 577
1299 581
1302 588
1302 592
1306 596
1306 603
1310 607
1313 618
1313 625
1321 640
1324 647
1328 658
1368 721
1368 724
1368 728
1368 732
1372 736
1372 739
1372 743
1372 747
1372 750
1376 754
1376 758
1376 765
1376 769
1376 772
1391 824
1391 831
1391 835
1391 842
1391 846
1391 850
1391 857
1391 861
1391 864
1391 868
1391 879
1391 886
1391 890
1413 942
1413 945
1413 949
1413 953
1416 956
1416 960
1416 964
1420 967
1420 971
1420 975
1420 982
1424 986
1427 989
1427 997
1427 1000
1438 1030
1438 1034
1438 1037
1438 1041
1438 1048
1438 1052
1438 1059
1438 1063
1438 1067
1438 1074
1438 1078
1435 1118
1435 1122
1435 1126
1435 1133
1431 1133
1431 1137
1431 1140
1431 1144
1431 1148
1431 1155
1431 1159
1427 1162
1427 1166
1427 1173
1427 1177
1416 1218
1416 1221
1413 1225
1413 1232
1413 1236
1413 1243
1409 1243
1409 1247
1405 1254
1402 1254
1402 1262
1398 1265
1394 1269
1394 1276
1376 1313
1376 1321
1372 1324
1368 1328
1368 1335
1368 1339
1368 1343
1368 1346
1365 1346
1365 1350
1365 1354
1361 1357
1357 1361
1357 1365
1357 1372
1357 1376
1354 1383
1335 1427
1332 1435
1332 1438
1332 1442
1328 1446
1328 1453
1324 1453
1321 1460
1321 1464
1317 1468
1317 1472
1310 1475
1310 1479
1306 1486
1306 1490
1288 1530
1288 1534
1284 1541
1284 1545
1280 1549
1276 1556
1276 1560
1273 1564
1273 1571
1269 1575
1269 1578
1269 1582
1265 1586
1262 1589
1262 1593
1258 1597
1258 1600
1243 1641
1243 1644
1243 1652
1240 1652
1240 1656
1236 1659
1236 1663
1236 1667
1232 1670
1232 1674
1229 1678
1225 1681
1225 1685
1221 1689
1221 1692
1221 1696
1210 1792
1089 1828
1085 1828
1081 1828
1078 1828
1070 1828
1067 1828
1052 1828
1048 1828
1045 1828
1041 1828
1041 1832
1037 1832
1034 1836
1026 1836
1023 1836
1015 1836
1008 1836
1000 1836
997 1836
842 1781
883 1795
886 1799
#
cat_medium_none
742 428
772 468
819 538
867 607
922 574
1054 622
1116 457
1105 523
1127 721
1127 808
1127 812
1127 816
1127 819
1127 823
1123 904
1123 911
1123 915
1119 977
1119 980
1130 1046
1130 1050
1130 1054
1127 1061
1138 1163
1138 1167
1138 1171
1141 1178
1145 1182
1178 1277
1182 1284
1185 1288
1215 1394
1215 1398
1215 1405
1215 1409
1215 1412
1215 1416
1215 1420
1215 1423
1218 1431
1354 1529
1431 1537
1248 1529
1138 1548
1134 1548
1130 1551
958 1570
958 1566
885 1588
882 1588
878 1588
764 1595
761 1595
753 1592
618 1537
508 1496
406 1456
376 1383
336 1259
300 1174
344 1076
453 995
556 980
559 980
563 980
567 980
625 980
629 980
633 984
640 984
647 984
702 980
816 1046
794 977
768 896
768 893
753 845
753 841
753 742
753 739
757 739
757 735
757 732
753 611
728 512
757 549
827 819
830 819
838 819
841 819
911 801
915 801
922 801
1024 808
1028 812
1024 918
951 958
947 958
947 962
944 966
944 969
900 1046
900 1054
907 1061
911 1068
918 1076
1010 1167
1010 1171
1013 1171
1108 1306
1108 1310
1108 1317
1108 1321
1057 1405
1054 1409
1050 1409
1046 1412
1039 1416
1032 1420
1028 1427
929 1449
925 1449
922 1449
907 1449
783 1453
783 1456
779 1456
775 1460
772 1460
768 1460
764 1460
761 1460
753 1464
742 1464
739 1464
735 1464
669 1453
666 1453
662 1449
658 1449
651 1445
647 1438
640 1434
636 1427
596 1383
596 1379
589 1376
585 1368
494 1295
494 1291
490 1284
486 1281
483 1273
461 1167
461 1163
464 1160
472 1156
475 1156
479 1149
486 1145
552 1087
556 1087
559 1087
567 1087
570 1087
578 1087
585 1090
633 1105
636 1108
640 1112
611 1215
611 1218
614 1222
614 1226
618 1229
625 1229
629 1229
636 1229
732 1196
808 1083
955 1215
958 1218
958 1222
988 1302
988 1306
991 1310
995 1313
999 1317
1046 1522
936 695
#
574 1753
428 1709
340 1661
263 1581
245 1496
245 1493
245 1489
245 1485
241 1482
186 1365
175 1229
223 1105
226 1101
226 1098
226 1094
226 1090
226 1087
241 955
245 955
248 955
376 852
376 849
380 849
384 849
387 849
490 808
494 808
497 808
501 808
501 805
508 797
512 794
516 790
607 662
611 662
611 658
611 651
611 647
614 516
614 512
625 391
629 391
633 391
636 387
636 384
636 380
636 376
636 373
673 303
677 303
684 300
691 300
699 296
702 292
713 289
717 285
838 241
915 219
918 219
922 219
929 219
933 219
940 219
951 219
958 219
969 215
1065 208
1068 208
1072 208
1076 208
1079 212
1087 212
1090 212
1094 212
1167 237
1171 237
1171 241
1174 245
1178 248
1185 252
1189 259
1196 263
1204 270
1207 274
1240 296
1240 300
1244 303
1248 307
1248 314
1251 318
1255 322
1255 329
1262 333
1302 420
1302 424
1302 431
1302 435
1302 439
1302 442
1302 446
1302 453
1302 461
1302 464
1321 556
1321 559
1321 563
1321 567
1324 574
1324 578
1324 581
1324 585
1324 592
1321 691
1321 695
1321 699
1321 702
1324 706
1350 768
1350 772
1354 772
1354 779
1357 783
1357 786
1357 794
1379 871
1379 874
1379 878
1383 878
1383 882
1383 889
1383 893
1383 896
1383 900
1383 904
1383 907
1383 911
1383 915
1379 988
1379 991
1379 995
1379 999
1379 1002
1383 1010
1409 1087
1434 1185
1434 1189
1438 1193
1438 1196
1438 1200
1438 1204
1438 1207
1445 1211
1445 1215
1445 1218
1449 1222
1453 1229
1453 1233
1456 1237
1456 1240
1456 1244
1540 1376
1540 1379
1544 1379
1548 1383
1548 1387
1548 1390
1584 1511
1584 1515
1584 1518
1584 1522
1584 1526
1584 1529
1584 1533
1584 1537
1577 1595
1573 1599
1570 1603
1566 1606
1500 1668
1496 1668
1493 1672
1493 1676
1489 1676
1485 1676
1485 1679
1482 1679
1478 1683
1474 1683
1471 1687
1467 1687
1460 1690
1456 1690
1453 1690
1343 1712
1335 1716
1332 1716
1328 1716
1324 1716
1321 1716
1313 1716
1310 1716
1306 1720
1302 1720
1299 1720
1295 1720
1291 1720
1288 1720
1281 1720
1182 1723
1178 1723
1174 1727
1171 1727
1167 1731
1163 1731
1156 1731
1156 1734
1152 1734
1149 1734
1145 1738
1138 1738
1134 1738
1130 1738
1123 1738
1112 1738
1105 1738
1094 1738
1043 1738
1043 1742
1039 1742
1039 1745
1035 1745
1032 1749
1028 1749
1024 1749
1021 1753
1017 1753
1013 1756
1006 1756
1002 1756
915 1782
911 1782
907 1782
907 1786
904 1786
900 1786
896 1786
893 1786
889 1786
885 1786
878 1786
871 1786
867 1786
860 1786
764 1778
757 1778
753 1778
746 1778
742 1778
739 1778
735 1778
728 1778
724 1778
717 1778
710 1778
702 1778
644 1775
640 1775
636 1775
633 1775
625 1775
618 1775
611 1775
603 1775
596 1775
589 1775
486 1731
#





